=== HMM Model Statistics ===
Saved at: 2025-05-11 00:46:55

=== Model Configuration ===
Number of states: 15
Features used: volatility, fisher_rsi, adx, volume_zscore
Training periods: 18384
OOS periods: 7880

=== State Distributions ===
   State  Train Count   Train %  OOS Count     OOS %
0      0         1033  0.056190        505  0.064086
1      1         1297  0.070550        491  0.062310
2      2         1700  0.092472        473  0.060025
3      3         1528  0.083116        884  0.112183
4      4         1280  0.069626        603  0.076523
5      5          893  0.048575        337  0.042766
6      6         1324  0.072019        874  0.110914
7      7         1186  0.064513        512  0.064975
8      8         1313  0.071421        492  0.062437
9      9          695  0.037805        427  0.054188
10    10         1665  0.090568        368  0.046701
11    11         1000  0.054395        449  0.056980
12    12         1092  0.059399        644  0.081726
13    13         1240  0.067450        358  0.045431
14    14         1138  0.061902        463  0.058756

=== Transition Matrix ===
         To 0  To 1  To 2  To 3  To 4  To 5  To 6  To 7  To 8  To 9  To 10  To 11  To 12  To 13  To 14
From 0  0.898 0.000 0.000 0.000 0.000 0.000 0.000 0.027 0.035 0.004  0.000  0.000  0.017  0.020  0.000
From 1  0.007 0.938 0.000 0.000 0.000 0.000 0.000 0.002 0.000 0.005  0.000  0.000  0.005  0.018  0.024
From 2  0.000 0.000 0.910 0.000 0.000 0.000 0.000 0.000 0.000 0.001  0.017  0.072  0.000  0.000  0.000
From 3  0.000 0.000 0.017 0.918 0.007 0.000 0.002 0.000 0.000 0.012  0.000  0.018  0.017  0.000  0.010
From 4  0.000 0.000 0.045 0.000 0.833 0.000 0.000 0.000 0.004 0.001  0.013  0.105  0.000  0.000  0.000
From 5  0.000 0.000 0.000 0.000 0.001 0.965 0.021 0.000 0.000 0.009  0.000  0.000  0.000  0.001  0.004
From 6  0.000 0.010 0.004 0.019 0.001 0.002 0.892 0.000 0.002 0.044  0.000  0.000  0.008  0.000  0.017
From 7  0.057 0.000 0.000 0.000 0.000 0.001 0.000 0.899 0.001 0.000  0.000  0.000  0.000  0.007  0.035
From 8  0.006 0.001 0.000 0.000 0.076 0.000 0.000 0.012 0.874 0.004  0.002  0.000  0.008  0.017  0.000
From 9  0.000 0.047 0.000 0.013 0.000 0.024 0.129 0.000 0.000 0.764  0.000  0.000  0.021  0.000  0.001
From 10 0.000 0.000 0.009 0.000 0.000 0.000 0.000 0.014 0.000 0.000  0.949  0.012  0.000  0.016  0.000
From 11 0.000 0.000 0.047 0.030 0.083 0.000 0.000 0.031 0.055 0.028  0.008  0.706  0.000  0.011  0.000
From 12 0.006 0.000 0.000 0.053 0.018 0.000 0.000 0.002 0.023 0.017  0.000  0.000  0.870  0.000  0.009
From 13 0.006 0.023 0.000 0.000 0.000 0.000 0.000 0.005 0.030 0.003  0.022  0.000  0.000  0.910  0.000
From 14 0.005 0.000 0.000 0.000 0.000 0.008 0.022 0.009 0.000 0.015  0.000  0.000  0.048  0.000  0.893

=== State Characteristics ===

State 0 (0):
Mean: [-0.35930305  0.70640532  0.63602811 -0.24365007]
Covariance:
 [[ 0.11187595 -0.0272904   0.03605702 -0.02150794]
 [-0.0272904   0.26833514 -0.03482064  0.07454021]
 [ 0.03605702 -0.03482064  0.11105938 -0.03045392]
 [-0.02150794  0.07454021 -0.03045392  0.37077556]]

State 1 (1):
Mean: [ 0.0407538  -1.05456651  1.23011891 -0.21676986]
Covariance:
 [[ 0.08719367  0.01474046 -0.05172361  0.0125702 ]
 [ 0.01474046  0.18086104 -0.09062164 -0.10365172]
 [-0.05172361 -0.09062164  0.50423152 -0.01880565]
 [ 0.0125702  -0.10365172 -0.01880565  0.53668562]]

State 2 (2):
Mean: [-0.73521608 -0.12738298 -1.21115608 -0.40706359]
Covariance:
 [[ 8.51477877e-02 -7.26059261e-03  2.06885355e-02 -3.55350332e-03]
 [-7.26059261e-03  1.24597419e-01  2.31988609e-04  9.27454893e-04]
 [ 2.06885355e-02  2.31988609e-04  2.83167094e-02  8.83264612e-03]
 [-3.55350332e-03  9.27454893e-04  8.83264612e-03  3.45854623e-01]]

State 3 (3):
Mean: [ 0.17145891 -0.00592048 -0.73022072 -0.24030443]
Covariance:
 [[ 0.04007182  0.01050244  0.03133236  0.01486607]
 [ 0.01050244  0.2592295  -0.0118644   0.01716776]
 [ 0.03133236 -0.0118644   0.0831411   0.02368569]
 [ 0.01486607  0.01716776  0.02368569  0.56681256]]

State 4 (4):
Mean: [-0.51905702 -0.08927762 -0.64580644 -0.50352694]
Covariance:
 [[ 4.12366389e-02  3.04753436e-03  2.82194126e-03  7.95749691e-05]
 [ 3.04753436e-03  1.64169856e-01  1.23052285e-03 -4.53323247e-03]
 [ 2.82194126e-03  1.23052285e-03  3.10284869e-02 -4.47957852e-04]
 [ 7.95749691e-05 -4.53323247e-03 -4.47957852e-04  1.43986696e-01]]

State 5 (5):
Mean: [ 2.86523913 -0.30745341  0.11279075 -0.22917873]
Covariance:
 [[ 1.20231842  0.03195657  0.2689167   0.00816941]
 [ 0.03195657  0.58073117 -0.25023911 -0.02217213]
 [ 0.2689167  -0.25023911  0.74520692  0.10532044]
 [ 0.00816941 -0.02217213  0.10532044  0.62577465]]

State 6 (6):
Mean: [ 1.00703407 -0.49637215  0.23253364 -0.48934154]
Covariance:
 [[ 0.17005585 -0.04200227  0.26528321  0.02914036]
 [-0.04200227  0.44514754 -0.5567367  -0.05935257]
 [ 0.26528321 -0.5567367   1.37749507  0.14943804]
 [ 0.02914036 -0.05935257  0.14943804  0.17817509]]

State 7 (7):
Mean: [0.06104831 2.0718885  1.55331102 0.62184838]
Covariance:
 [[ 0.39354649  0.25815567  0.2893463  -0.15135013]
 [ 0.25815567  1.11801727 -0.04574679  0.30100342]
 [ 0.2893463  -0.04574679  1.17760943 -0.72657869]
 [-0.15135013  0.30100342 -0.72657869  1.65645963]]

State 8 (8):
Mean: [-0.45929718 -0.16776417 -0.09530972 -0.09526084]
Covariance:
 [[ 2.71722127e-02 -6.49384193e-04 -1.47597623e-04  1.24383895e-02]
 [-6.49384193e-04  4.08133570e-01 -3.26321874e-03  5.60590837e-02]
 [-1.47597623e-04 -3.26321874e-03  3.80546037e-02 -4.06464509e-02]
 [ 1.24383895e-02  5.60590837e-02 -4.06464509e-02  6.99555978e-01]]

State 9 (9):
Mean: [ 0.80029558 -1.14033778  0.064933    1.14344805]
Covariance:
 [[ 0.28635766 -0.03907616  0.15320982  0.02215026]
 [-0.03907616  0.48927376 -0.3143529  -0.09787775]
 [ 0.15320982 -0.3143529   0.64454046 -0.02393338]
 [ 0.02215026 -0.09787775 -0.02393338  1.2684564 ]]

State 10 (10):
Mean: [-1.10085195 -0.11224599 -0.72982994  0.080066  ]
Covariance:
 [[ 2.57133464e-02  6.52734984e-04  1.82890161e-02 -2.68731236e-03]
 [ 6.52734984e-04  3.06162960e-01  1.44535979e-02 -1.23072997e-02]
 [ 1.82890161e-02  1.44535979e-02  9.18962701e-02 -7.71555701e-03]
 [-2.68731236e-03 -1.23072997e-02 -7.71555701e-03  1.04830584e+00]]

State 11 (11):
Mean: [-0.47159629  0.11864739 -0.77422775  1.42807043]
Covariance:
 [[ 0.086338    0.03063433  0.01710826  0.01943879]
 [ 0.03063433  1.08862724  0.03436162 -0.03626586]
 [ 0.01710826  0.03436162  0.06622062 -0.04437578]
 [ 0.01943879 -0.03626586 -0.04437578  1.37035123]]

State 12 (12):
Mean: [ 0.08865255  0.1723683  -0.06185422 -0.42543174]
Covariance:
 [[ 0.03433779 -0.00575197  0.02259096 -0.00298563]
 [-0.00575197  0.38419576 -0.00540119  0.03353721]
 [ 0.02259096 -0.00540119  0.06238498  0.00148229]
 [-0.00298563  0.03353721  0.00148229  0.2514851 ]]

State 13 (13):
Mean: [-0.7674881  -0.70360655  0.48520117  0.18361132]
Covariance:
 [[ 0.09761358 -0.07439526  0.03642975  0.07607496]
 [-0.07439526  0.34981341 -0.00901734 -0.18334648]
 [ 0.03642975 -0.00901734  0.19080098 -0.06323617]
 [ 0.07607496 -0.18334648 -0.06323617  1.16829098]]

State 14 (14):
Mean: [1.03198164 1.0677926  0.90482159 0.21572948]
Covariance:
 [[ 0.42835087  0.24129146  0.2410499  -0.04007879]
 [ 0.24129146  0.68790608  0.07012024  0.06928606]
 [ 0.2410499   0.07012024  0.53073055 -0.23846344]
 [-0.04007879  0.06928606 -0.23846344  1.0487768 ]]

=== Performance Metrics ===
Metric                    Training        OOS            
Accuracy                  89.45%      88.42%
Log-Likelihood            -54412.97      -24722.95
BIC                       112203.76      52532.31

=== Feature Importance ===
volatility: 0.3010
fisher_rsi: 0.2396
adx: 0.2720
volume_zscore: 0.1874
