=== HMM Model Statistics ===
Saved at: 2025-05-17 19:26:55

=== Model Configuration ===
Number of states: 12
Features used: Vol_Regime, Fisher_RSI, Trend_Strength, Volume_Zscore
Training periods: 1738
OOS periods: 745

=== State Distributions ===
   State  Train Count   Train %  OOS Count     OOS %
0      0            9  0.005178         11  0.014765
1      1          876  0.504028        294  0.394631
2      2          283  0.162831        159  0.213423
3      3           46  0.026467         13  0.017450
4      4            3  0.001726          0  0.000000
5      5            8  0.004603         10  0.013423
6      6           48  0.027618         13  0.017450
7      7           11  0.006329          4  0.005369
8      8          138  0.079402         79  0.106040
9      9            5  0.002877          1  0.001342
10    10          263  0.151323        148  0.198658
11    11           48  0.027618         13  0.017450

=== Transition Matrix ===
         To 0  To 1  To 2  To 3  To 4  To 5  To 6  To 7  To 8  To 9  To 10  To 11
From 0  0.000 0.000 0.083 0.000 0.000 0.917 0.000 0.000 0.000 0.000  0.000  0.000
From 1  0.000 0.969 0.008 0.000 0.000 0.000 0.000 0.012 0.011 0.000  0.000  0.000
From 2  0.000 0.050 0.939 0.000 0.000 0.000 0.000 0.000 0.004 0.000  0.000  0.007
From 3  0.000 0.000 0.000 0.000 0.000 0.000 0.000 0.000 0.000 0.022  0.000  0.978
From 4  0.000 0.000 0.000 0.000 0.000 0.000 0.000 0.000 0.000 1.000  0.000  0.000
From 5  0.253 0.000 0.000 0.252 0.000 0.000 0.000 0.000 0.364 0.000  0.131  0.000
From 6  0.000 0.000 0.155 0.768 0.000 0.000 0.001 0.000 0.020 0.000  0.000  0.055
From 7  0.000 0.000 0.000 0.000 0.000 0.000 0.000 0.003 0.000 0.000  0.997  0.000
From 8  0.000 0.067 0.019 0.040 0.000 0.000 0.000 0.000 0.865 0.008  0.000  0.000
From 9  0.339 0.000 0.000 0.000 0.000 0.000 0.000 0.000 0.661 0.000  0.000  0.000
From 10 0.019 0.015 0.000 0.000 0.011 0.000 0.000 0.000 0.000 0.000  0.954  0.000
From 11 0.000 0.000 0.000 0.001 0.000 0.000 0.999 0.000 0.000 0.000  0.000  0.000

=== State Characteristics ===

State 0 (0):
Mean: [-0.56893428  0.27116553  2.05781898  1.5868824 ]
Covariance:
 [[ 1.15500191e-03  1.15500191e-03  1.15500191e-03  1.15500191e-03]
 [ 1.15500191e-03  7.10271179e-01  5.56834304e-01 -4.52744586e-01]
 [ 1.15500191e-03  5.56834304e-01  1.63783497e+00 -5.83434443e-01]
 [ 1.15500191e-03 -4.52744586e-01 -5.83434443e-01  8.45294066e-01]]

State 1 (1):
Mean: [-0.56893428  0.14069299 -0.67579949 -0.09234371]
Covariance:
 [[ 1.14181040e-05  1.14181040e-05  1.14181040e-05  1.14181040e-05]
 [ 1.14181040e-05  4.76655967e-01  3.22588683e-02 -5.30588550e-02]
 [ 1.14181040e-05  3.22588683e-02  1.98515106e-01 -1.86919020e-02]
 [ 1.14181040e-05 -5.30588550e-02 -1.86919020e-02  9.30526158e-01]]

State 2 (2):
Mean: [ 1.75767226 -0.361056   -0.13256478 -0.17638682]
Covariance:
 [[ 3.54170742e-05  3.54170742e-05  3.54170742e-05  3.54170742e-05]
 [ 3.54170742e-05  5.03628724e-01 -2.52845428e-01 -1.02808848e-01]
 [ 3.54170742e-05 -2.52845428e-01  4.43398568e-01  5.13080781e-03]
 [ 3.54170742e-05 -1.02808848e-01  5.13080781e-03  8.93360385e-01]]

State 3 (3):
Mean: [ 1.75767226 -1.38360752  1.6806053   0.62827634]
Covariance:
 [[ 2.21918845e-04  2.21918845e-04  2.21918845e-04  2.21918845e-04]
 [ 2.21918845e-04  3.41782777e-01  1.05961364e-01 -4.72808543e-01]
 [ 2.21918845e-04  1.05961364e-01  5.08087546e-01 -1.71993397e-01]
 [ 2.21918845e-04 -4.72808543e-01 -1.71993397e-01  1.40460662e+00]]

State 4 (4):
Mean: [-0.56893428 -0.10087585  0.9430413   1.88860777]
Covariance:
 [[ 0.00333369  0.00333369  0.00333369  0.00333369]
 [ 0.00333369  0.52745971  0.21818649 -0.72763375]
 [ 0.00333369  0.21818649  0.17897017  0.13150239]
 [ 0.00333369 -0.72763375  0.13150239  3.11295533]]

State 5 (5):
Mean: [-0.56893428 -0.33465095  1.9937101   1.70445766]
Covariance:
 [[ 1.25958790e-03  1.25958790e-03  1.25958790e-03  1.25958790e-03]
 [ 1.25958790e-03  7.52059338e-01  2.55452234e-01 -3.99754139e-01]
 [ 1.25958790e-03  2.55452234e-01  1.68303210e+00 -4.71738639e-01]
 [ 1.25958790e-03 -3.99754139e-01 -4.71738639e-01  6.93001476e-01]]

State 6 (6):
Mean: [ 1.75767226 -1.29269304  1.65510677  0.07885357]
Covariance:
 [[ 2.04886107e-04  2.04886107e-04  2.04886107e-04  2.04886107e-04]
 [ 2.04886107e-04  3.13232003e-01 -5.15361293e-03 -2.56255322e-01]
 [ 2.04886107e-04 -5.15361293e-03  3.90081329e-01 -6.82485774e-02]
 [ 2.04886107e-04 -2.56255322e-01 -6.82485774e-02  1.06631607e+00]]

State 7 (7):
Mean: [-0.56893428  1.46525113  0.18649631 -0.25884872]
Covariance:
 [[ 0.00091453  0.00091453  0.00091453  0.00091453]
 [ 0.00091453  0.15854035 -0.00621132  0.08133359]
 [ 0.00091453 -0.00621132  0.00939236 -0.02177931]
 [ 0.00091453  0.08133359 -0.02177931  0.64556819]]

State 8 (8):
Mean: [-0.56893428 -1.19232663  0.51831906  0.33226597]
Covariance:
 [[ 7.15838153e-05  7.15838153e-05  7.15838153e-05  7.15838153e-05]
 [ 7.15838153e-05  3.00696782e-01  6.45600732e-02 -1.92935790e-01]
 [ 7.15838153e-05  6.45600732e-02  2.56757626e-01 -1.52157880e-01]
 [ 7.15838153e-05 -1.92935790e-01 -1.52157880e-01  1.01376471e+00]]

State 9 (9):
Mean: [-0.56893428 -0.59525714  1.01265363  0.29656816]
Covariance:
 [[ 0.00193704  0.00193704  0.00193704  0.00193704]
 [ 0.00193704  0.30166284  0.16464454 -0.47924831]
 [ 0.00193704  0.16464454  0.10003712 -0.27828425]
 [ 0.00193704 -0.47924831 -0.27828425  0.95077677]]

State 10 (10):
Mean: [-0.56893428  1.2215783   1.05340959  0.02957903]
Covariance:
 [[3.81959912e-05 3.81959912e-05 3.81959912e-05 3.81959912e-05]
 [3.81959912e-05 6.08148382e-01 2.38794752e-01 1.02340279e-01]
 [3.81959912e-05 2.38794752e-01 4.06941048e-01 8.07822662e-03]
 [3.81959912e-05 1.02340279e-01 8.07822662e-03 8.77245248e-01]]

State 11 (11):
Mean: [ 1.75767226 -1.25922362  1.65730193  0.26076728]
Covariance:
 [[ 2.04997067e-04  2.04997067e-04  2.04997067e-04  2.04997067e-04]
 [ 2.04997067e-04  2.88971998e-01  6.07345003e-02 -3.47640745e-01]
 [ 2.04997067e-04  6.07345003e-02  4.40896525e-01 -1.01556037e-01]
 [ 2.04997067e-04 -3.47640745e-01 -1.01556037e-01  8.22149015e-01]]

=== Performance Metrics ===
Metric                    Training        OOS            
Accuracy                  94.65%      93.28%
Log-Likelihood            1836.36      -1386.23
BIC                       -1889.67      4353.07

=== Feature Importance ===
Vol_Regime: 0.2751
Fisher_RSI: 0.2285
Trend_Strength: 0.3222
Volume_Zscore: 0.1742
