=== HMM Model Statistics ===
Saved at: 2025-05-17 22:30:12

=== Model Configuration ===
Number of states: 7
Features used: Vol_Regime_Score, Fisher_RSI_Scaled, Enhanced_Trend_v2, MACD_Strength
Training periods: 1738
OOS periods: 745

=== State Distributions ===
  State  Train Count   Train %  OOS Count     OOS %
0     0          260  0.149597        136  0.182550
1     1          281  0.161680        141  0.189262
2     2          242  0.139241        107  0.143624
3     3          180  0.103567         65  0.087248
4     4          345  0.198504        151  0.202685
5     5          264  0.151899         98  0.131544
6     6          166  0.095512         47  0.063087

=== Transition Matrix ===
        To 0  To 1  To 2  To 3  To 4  To 5  To 6
From 0 0.823 0.000 0.000 0.000 0.067 0.110 0.000
From 1 0.006 0.777 0.142 0.028 0.000 0.000 0.047
From 2 0.004 0.120 0.772 0.067 0.005 0.000 0.032
From 3 0.108 0.000 0.006 0.857 0.010 0.000 0.020
From 4 0.031 0.066 0.014 0.000 0.799 0.023 0.068
From 5 0.035 0.008 0.000 0.000 0.071 0.861 0.025
From 6 0.030 0.057 0.061 0.000 0.186 0.000 0.666

=== State Characteristics ===

State 0 (0):
Mean: [-0.94440875 -0.69407216 -0.45956164  0.34900073]
Covariance:
 [[ 0.00919297 -0.03800328 -0.04098131 -0.01781625]
 [-0.03800328  0.63957752  0.52959341  0.45917899]
 [-0.04098131  0.52959341  0.61068626  0.45555073]
 [-0.01781625  0.45917899  0.45555073  0.52974091]]

State 1 (1):
Mean: [ 1.04237338  0.38510144  0.38144297 -0.42471318]
Covariance:
 [[0.00591114 0.02564158 0.02192924 0.01419631]
 [0.02564158 0.69419226 0.68932961 0.3728764 ]
 [0.02192924 0.68932961 0.83467747 0.37625882]
 [0.01419631 0.3728764  0.37625882 0.28122779]]

State 2 (2):
Mean: [-1.06129115  0.0943406  -0.18610488 -0.99523529]
Covariance:
 [[ 0.01647615 -0.07934791 -0.09889234 -0.03816333]
 [-0.07934791  0.75471842  0.81223781  0.43009928]
 [-0.09889234  0.81223781  1.24333235  0.57625362]
 [-0.03816333  0.43009928  0.57625362  0.42009063]]

State 3 (3):
Mean: [-1.00448853 -1.2359546  -0.93135453 -1.24979077]
Covariance:
 [[ 0.0063261  -0.02848851 -0.02045415 -0.01714294]
 [-0.02848851  0.31525501  0.25505732  0.2702564 ]
 [-0.02045415  0.25505732  0.36959214  0.33975982]
 [-0.01714294  0.2702564   0.33975982  0.45189376]]

State 4 (4):
Mean: [0.94571801 0.24004816 0.19940958 0.34840737]
Covariance:
 [[0.00828732 0.04416526 0.04498264 0.01141142]
 [0.04416526 0.82772262 0.7682967  0.3074845 ]
 [0.04498264 0.7682967  0.82530808 0.33024156]
 [0.01141142 0.3074845  0.33024156 0.22728875]]

State 5 (5):
Mean: [0.92324608 0.43475423 0.3486415  1.32186346]
Covariance:
 [[ 0.01640454  0.05520137  0.03191864 -0.02006257]
 [ 0.05520137  0.3121645   0.20689583 -0.00898524]
 [ 0.03191864  0.20689583  0.21061832  0.06022296]
 [-0.02006257 -0.00898524  0.06022296  0.1828952 ]]

State 6 (6):
Mean: [-1.08409119  0.44079236  0.3871413   0.19101044]
Covariance:
 [[ 0.00566619 -0.06869161 -0.07695285 -0.04130449]
 [-0.06869161  1.36154177  1.53324057  0.85082759]
 [-0.07695285  1.53324057  1.84485915  0.94184576]
 [-0.04130449  0.85082759  0.94184576  0.60562839]]

=== Performance Metrics ===
Metric                    Training        OOS            
Accuracy                  80.14%      77.15%
Log-Likelihood            -2297.09      -1512.33
BIC                       5370.07      3712.45

=== Feature Importance ===
Vol_Regime_Score: 0.3827
Fisher_RSI_Scaled: 0.1926
Enhanced_Trend_v2: 0.1581
MACD_Strength: 0.2666
