=== HMM Model Statistics ===
Saved at: 2025-05-17 22:36:52

=== Model Configuration ===
Number of states: 5
Features used: Returns_t, Returns_t_1, Returns_t_2, RSI, MACD_Signal, Volatility
Training periods: 1738
OOS periods: 745

=== State Distributions ===
  State  Train Count   Train %  OOS Count     OOS %
0     0          303  0.174338        171  0.229530
1     1           76  0.043728         43  0.057718
2     2          549  0.315880        403  0.540940
3     3          573  0.329689          0  0.000000
4     4          237  0.136364        128  0.171812

=== Transition Matrix ===
        To 0  To 1  To 2  To 3  To 4
From 0 0.289 0.006 0.055 0.000 0.650
From 1 0.000 0.973 0.000 0.000 0.027
From 2 0.000 0.000 0.938 0.034 0.028
From 3 0.000 0.000 0.028 0.967 0.005
From 4 1.000 0.000 0.000 0.000 0.000

=== State Characteristics ===

State 0 (0):
Mean: [ 0.338924   -0.54245896  0.28675326 -0.68115023 -0.46719087  0.52876599]
Covariance:
 [[ 1.04374085  0.11810142 -0.3048116   0.28863944 -0.09657486  0.04129725]
 [ 0.11810142  1.30827896  0.35177271  0.57838969  0.03788993  0.03087299]
 [-0.3048116   0.35177271  1.25282202  0.25556773 -0.0528587   0.05415258]
 [ 0.28863944  0.57838969  0.25556773  0.79110693  0.43735444 -0.02544973]
 [-0.09657486  0.03788993 -0.0528587   0.43735444  1.00430857 -0.2281875 ]
 [ 0.04129725  0.03087299  0.05415258 -0.02544973 -0.2281875   0.15393437]]

State 1 (1):
Mean: [ 0.01719466 -0.02787477 -0.06885295 -0.61543595 -1.31323975  3.21872655]
Covariance:
 [[ 9.32157435 -4.06151636  2.65232984  0.82657594 -0.26239843  0.43476128]
 [-4.06151636  9.28538616 -4.00255069  0.29746297 -0.20817558  0.3472665 ]
 [ 2.65232984 -4.00255069  9.45879664  0.59492405 -0.03457292  0.25239598]
 [ 0.82657594  0.29746297  0.59492405  0.63744287  1.38518342 -0.82024893]
 [-0.26239843 -0.20817558 -0.03457292  1.38518342  7.47350481 -5.92901416]
 [ 0.43476128  0.3472665   0.25239598 -0.82024893 -5.92901416  5.19851913]]

State 2 (2):
Mean: [ 0.03443394  0.04353845  0.04444082  0.15830743  0.35681735 -0.26894537]
Covariance:
 [[ 0.33472433 -0.0032599  -0.02055436  0.16539979 -0.00739973  0.0100213 ]
 [-0.0032599   0.33702926 -0.00730367  0.15029264 -0.00123298  0.0146717 ]
 [-0.02055436 -0.00730367  0.34133873  0.12694999  0.0074045   0.01466717]
 [ 0.16539979  0.15029264  0.12694999  0.64406175  0.3254614   0.00474051]
 [-0.00739973 -0.00123298  0.0074045   0.3254614   0.40892246 -0.05835787]
 [ 0.0100213   0.0146717   0.01466717  0.00474051 -0.05835787  0.05348993]]

State 3 (3):
Mean: [ 0.03442828  0.0446381   0.05116241  0.6441077   0.26156495 -0.66241383]
Covariance:
 [[ 0.12180267 -0.01121901  0.00599484  0.10089215  0.0031819   0.00235789]
 [-0.01121901  0.11590706 -0.0094624   0.07802879  0.00714783  0.00181812]
 [ 0.00599484 -0.0094624   0.11500219  0.0730761   0.0078262   0.00139886]
 [ 0.10089215  0.07802879  0.0730761   0.55920894  0.1343743  -0.01636131]
 [ 0.0031819   0.00714783  0.0078262   0.1343743   0.09098253 -0.00373648]
 [ 0.00235789  0.00181812  0.00139886 -0.01636131 -0.00373648  0.02149838]]

State 4 (4):
Mean: [-0.65269516  0.5518263  -0.61741374 -0.85021889 -0.43842153  0.51199767]
Covariance:
 [[ 1.41044816  0.40018207 -0.10774509  0.59169478 -0.00957817  0.04977876]
 [ 0.40018207  0.92602557 -0.00398881  0.27112497 -0.12611893  0.06819547]
 [-0.10774509 -0.00398881  1.15566534  0.3797709   0.1360857  -0.02710216]
 [ 0.59169478  0.27112497  0.3797709   0.7887027   0.40341382  0.00901841]
 [-0.00957817 -0.12611893  0.1360857   0.40341382  1.01377672 -0.2381761 ]
 [ 0.04977876  0.06819547 -0.02710216  0.00901841 -0.2381761   0.17354274]]

=== Performance Metrics ===
Metric                    Training        OOS            
Accuracy                  91.94%      91.67%
Log-Likelihood            -7777.68      -5016.99
BIC                       16182.04      10589.51

=== Feature Importance ===
Returns_t: 0.0752
Returns_t_1: 0.0844
Returns_t_2: 0.0746
RSI: 0.2058
MACD_Signal: 0.1979
Volatility: 0.3621
